
###########################################################
###########################################################
fpr (CM): 
[0.         0.0010008  0.00224486 0.00683112 0.01514495 0.02306569
 0.02950563 0.03556762 0.04027901 0.04877287 0.0578041  0.06632051
 0.07237032 0.08337862 0.10095464 0.12863172 0.17785641 0.34473043
 0.66351606 1.        ]
tpr (CM): 
[0.         0.04159919 0.08218623 0.11821862 0.16255061 0.21791498
 0.27584345 0.33103914 0.40153509 0.44617072 0.48211876 0.52680499
 0.59471997 0.65482456 0.7082996  0.74564777 0.76661606 0.81798246
 0.89897099 0.98076923]
auc (CM): 
0.822