
###########################################################
###########################################################
fpr (CM): 
[0.         0.03834033 0.07668066 0.11536235 0.15409636 0.19287648
 0.23292721 0.27372444 0.31323721 0.3518974  0.39096828 0.43106638
 0.47178664 0.51769992 0.57647527 0.65007685 0.74384196 0.83274599
 0.91602345 1.        ]
tpr (CM): 
[0.         0.05212551 0.10425101 0.15819838 0.21661606 0.28469973
 0.34642375 0.39848178 0.44908907 0.50214238 0.55624157 0.60747301
 0.65787787 0.71224696 0.7641363  0.81368084 0.85936235 0.90237854
 0.9417004  0.98076923]
auc (CM): 
0.606