
###########################################################
###########################################################
fpr (CM): 
[0.00000000e+00 9.43442069e-04 1.88688414e-03 3.12179074e-03
 5.82696615e-03 1.09168101e-02 1.55427493e-02 2.37026863e-02
 3.22472244e-02 3.94334129e-02 4.76545447e-02 5.72155119e-02
 6.84668046e-02 9.82772258e-02 1.64017415e-01 2.36527690e-01
 3.59330153e-01 5.45959950e-01 7.72979975e-01 1.00000000e+00]
tpr (CM): 
[0.         0.01155831 0.02311662 0.0376161  0.05361197 0.06940144
 0.08682491 0.10404197 0.13278294 0.16730306 0.19905401 0.22686619
 0.2495184  0.29186447 0.37146543 0.44406605 0.55146199 0.69057448
 0.84528724 1.        ]
auc (CM): 
0.630