
###########################################################
###########################################################
fpr (CM): 
[0.         0.00122931 0.00277812 0.00812697 0.01554954 0.02243837
 0.02720261 0.03385671 0.04277275 0.05714547 0.07136258 0.08429237
 0.09425758 0.11153799 0.13534432 0.17110815 0.23158971 0.38347677
 0.6813935  1.        ]
tpr (CM): 
[0.         0.0330803  0.0682861  0.10976721 0.15666329 0.2097166
 0.27613023 0.34642375 0.41825236 0.46449055 0.50985155 0.55934548
 0.61610999 0.66388327 0.71406883 0.76071188 0.78675776 0.83458165
 0.90686572 0.98076923]
auc (CM): 
0.819