
###########################################################
###########################################################
fpr (CM): 
[0.         0.00266462 0.00532924 0.00799386 0.01056808 0.01332313
 0.01689226 0.03313733 0.05579628 0.07856911 0.12939542 0.20827521
 0.29036866 0.38202048 0.48850416 0.59030748 0.6900894  0.79339293
 0.89669647 1.        ]
tpr (CM): 
[0.         0.01940144 0.03880289 0.05820433 0.07610939 0.09355005
 0.1128483  0.14425525 0.18171655 0.21917785 0.27433781 0.34719642
 0.42377021 0.50361197 0.58503612 0.66800826 0.7495356  0.83302374
 0.91651187 1.        ]
auc (CM): 
0.586