
###########################################################
###########################################################
fpr (CM): 
[0.         0.03592032 0.0752891  0.11292031 0.15355187 0.18963998
 0.21985548 0.24923004 0.27706626 0.30439839 0.33281044 0.36172837
 0.3899331  0.42238682 0.45273514 0.48800186 0.52723383 0.58112952
 0.65637031 1.        ]
tpr (CM): 
[0.         0.20291835 0.32520243 0.42928475 0.50538124 0.55907557
 0.60850202 0.63773617 0.67184548 0.69220648 0.7138664  0.73918691
 0.76894399 0.78898448 0.80990216 0.84256073 0.86361336 0.87786775
 0.896778   0.98076923]
auc (CM): 
0.750