
###########################################################
###########################################################
fpr (CM): 
[0.         0.00153436 0.01206055 0.05351255 0.08108232 0.099299
 0.13344563 0.16175389 0.18819047 0.22258141 0.25026973 0.27132223
 0.29423671 0.32865556 0.37592098 0.44872138 0.53037942 0.60215194
 0.78234269 1.        ]
tpr (CM): 
[0.         0.03549258 0.07442645 0.11088057 0.17285762 0.24477058
 0.3222166  0.40752362 0.46519906 0.50512821 0.55931174 0.62754723
 0.68314777 0.72712551 0.7794197  0.82810391 0.88166329 0.94698043
 0.96988866 0.98076923]
auc (CM): 
0.741