              precision    recall  f1-score   support

           1       0.75      0.75      0.75         4
           2       1.00      0.75      0.86         4
           3       0.60      0.75      0.67         4
           4       0.75      0.75      0.75         4
           5       0.75      0.75      0.75         4

    accuracy                           0.75        20
   macro avg       0.77      0.75      0.75        20
weighted avg       0.77      0.75      0.75        20


###########################################################
###########################################################
False Positive (FP):			
 [1. 0. 2. 1. 1.]

False Negative (FN):			
 [1. 1. 1. 1. 1.]

True Positive (TP):			
 [3. 3. 3. 3. 3.]

True Negative (TN):			
 [15. 16. 14. 15. 15.]

True Positive Rate (TPR)(Recall):		
 [0.75 0.75 0.75 0.75 0.75] 

True Negative Rate (TNR)(Specificity):		
 [0.9375 1.     0.875  0.9375 0.9375] 

Positive Predictive Value (PPV)(Precision):
 [0.75 1.   0.6  0.75 0.75] 

Negative Predictive Value (NPV):
 [0.9375     0.94117647 0.93333333 0.9375     0.9375    ] 

False Positive Rate (FPR)(False Match Rate (FMR))(False Acceptance Rate (FAR)):		
 [0.0625 0.     0.125  0.0625 0.0625] 

False Negative Rate (FNR)(False Non-Match Rate (FNMR))(False Rejection Rate (FRR)):		
 [0.25 0.25 0.25 0.25 0.25] 

False Discovery Rate (FDR):		
 [0.25 0.   0.4  0.25 0.25] 

Overall accuracy (ACC):			
 [0.9  0.95 0.85 0.9  0.9 ] 


###########################################################
###########################################################
Confusion Matrix (CM): 
[[3 0 1 0 0]
 [0 3 1 0 0]
 [0 0 3 1 0]
 [0 0 0 3 1]
 [1 0 0 0 3]]##################################################
################## the settings ##################
##################################################

Grid_n_jobs:           3
space:                 {'n_components': [10, 20, 30]}
inner_n_splits:        10
df_all_features.shape: (1744, 749)
trainingData.shape:    (1569, 367)
testData.shape:        (175, 367)
test size:             0.1




##################################################
###### summarize the estimated performance #######
####### of the best model on the test set ########
##################################################

Rank-1: 65.14%
best parameters are:
 {'n_components': 10}

              precision    recall  f1-score   support

           0       0.50      1.00      0.67         2
           1       0.67      1.00      0.80         2
           2       0.00      0.00      0.00         2
           3       0.50      0.50      0.50         2
           4       0.67      1.00      0.80         2
           5       0.00      0.00      0.00         2
           6       0.50      0.50      0.50         2
           7       0.67      0.67      0.67         3
           8       1.00      0.50      0.67         2
           9       0.50      1.00      0.67         2
          10       1.00      1.00      1.00         2
          11       0.00      0.00      0.00         2
          12       0.00      0.00      0.00         2
          13       1.00      1.00      1.00         2
          14       1.00      0.50      0.67         2
          15       0.67      1.00      0.80         2
          16       0.00      0.00      0.00         2
          17       0.50      0.50      0.50         2
          18       0.50      1.00      0.67         2
          19       0.67      1.00      0.80         2
          20       1.00      1.00      1.00         3
          21       0.67      1.00      0.80         2
          22       1.00      1.00      1.00         2
          23       0.50      0.67      0.57         3
          24       1.00      0.50      0.67         2
          25       0.50      0.50      0.50         2
          26       0.33      0.50      0.40         2
          27       0.67      1.00      0.80         2
          28       0.67      1.00      0.80         2
          29       1.00      1.00      1.00         2
          30       1.00      0.50      0.67         2
          31       0.50      1.00      0.67         2
          32       1.00      0.50      0.67         2
          33       1.00      1.00      1.00         3
          34       0.00      0.00      0.00         2
          35       1.00      0.33      0.50         3
          36       0.50      0.67      0.57         3
          37       0.50      0.50      0.50         2
          38       0.00      0.00      0.00         2
          39       0.67      0.67      0.67         3
          40       0.50      0.50      0.50         2
          41       1.00      0.50      0.67         2
          42       0.50      0.67      0.57         3
          43       0.50      0.50      0.50         2
          44       1.00      0.50      0.67         2
          45       0.67      1.00      0.80         2
          46       0.67      1.00      0.80         2
          47       0.50      0.50      0.50         2
          48       0.00      0.00      0.00         3
          49       1.00      0.67      0.80         3
          50       1.00      0.50      0.67         2
          51       0.50      0.50      0.50         2
          52       0.00      0.00      0.00         2
          53       1.00      1.00      1.00         3
          54       0.00      0.00      0.00         3
          55       1.00      0.50      0.67         2
          56       1.00      0.67      0.80         3
          57       0.50      0.33      0.40         3
          58       1.00      0.50      0.67         2
          59       1.00      1.00      1.00         2
          60       1.00      1.00      1.00         2
          61       0.67      1.00      0.80         2
          62       1.00      1.00      1.00         3
          63       0.00      0.00      0.00         2
          64       0.50      1.00      0.67         2
          65       0.17      0.50      0.25         2
          66       1.00      0.50      0.67         2
          67       1.00      1.00      1.00         2
          68       0.50      0.50      0.50         2
          69       0.29      1.00      0.44         2
          70       0.67      1.00      0.80         2
          71       1.00      1.00      1.00         2
          72       0.67      1.00      0.80         2
          73       1.00      1.00      1.00         2
          74       1.00      0.50      0.67         2
          75       1.00      1.00      1.00         2
          76       1.00      1.00      1.00         2
          77       0.33      0.50      0.40         2
          78       1.00      1.00      1.00         2
          79       1.00      0.50      0.67         2

    accuracy                           0.65       175
   macro avg       0.65      0.65      0.62       175
weighted avg       0.65      0.65      0.62       175


###########################################################
###########################################################
False Positive (FP):			
 [2. 1. 0. 1. 1. 2. 1. 1. 0. 2. 0. 0. 1. 0. 0. 1. 0. 1. 2. 1. 0. 1. 0. 2.
 0. 1. 2. 1. 1. 0. 0. 2. 0. 0. 0. 0. 2. 1. 1. 1. 1. 0. 2. 1. 0. 1. 1. 1.
 1. 0. 0. 1. 0. 0. 0. 0. 0. 1. 0. 0. 0. 1. 0. 1. 2. 5. 0. 0. 1. 5. 1. 0.
 1. 0. 0. 0. 0. 2. 0. 0.]

False Negative (FN):			
 [0. 0. 2. 1. 0. 2. 1. 1. 1. 0. 0. 2. 2. 0. 1. 0. 2. 1. 0. 0. 0. 0. 0. 1.
 1. 1. 1. 0. 0. 0. 1. 0. 1. 0. 2. 2. 1. 1. 2. 1. 1. 1. 1. 1. 1. 0. 0. 1.
 3. 1. 1. 1. 2. 0. 3. 1. 1. 2. 1. 0. 0. 0. 0. 2. 0. 1. 1. 0. 1. 0. 0. 0.
 0. 0. 1. 0. 0. 1. 0. 1.]

True Positive (TP):			
 [2. 2. 0. 1. 2. 0. 1. 2. 1. 2. 2. 0. 0. 2. 1. 2. 0. 1. 2. 2. 3. 2. 2. 2.
 1. 1. 1. 2. 2. 2. 1. 2. 1. 3. 0. 1. 2. 1. 0. 2. 1. 1. 2. 1. 1. 2. 2. 1.
 0. 2. 1. 1. 0. 3. 0. 1. 2. 1. 1. 2. 2. 2. 3. 0. 2. 1. 1. 2. 1. 2. 2. 2.
 2. 2. 1. 2. 2. 1. 2. 1.]

True Negative (TN):			
 [171. 172. 173. 172. 172. 171. 172. 171. 173. 171. 173. 173. 172. 173.
 173. 172. 173. 172. 171. 172. 172. 172. 173. 170. 173. 172. 171. 172.
 172. 173. 173. 171. 173. 172. 173. 172. 170. 172. 172. 171. 172. 173.
 170. 172. 173. 172. 172. 172. 171. 172. 173. 172. 173. 172. 172. 173.
 172. 171. 173. 173. 173. 172. 172. 172. 171. 168. 173. 173. 172. 168.
 172. 173. 172. 173. 173. 173. 173. 171. 173. 173.]

True Positive Rate (TPR)(Recall):		
 [1.         1.         0.         0.5        1.         0.
 0.5        0.66666667 0.5        1.         1.         0.
 0.         1.         0.5        1.         0.         0.5
 1.         1.         1.         1.         1.         0.66666667
 0.5        0.5        0.5        1.         1.         1.
 0.5        1.         0.5        1.         0.         0.33333333
 0.66666667 0.5        0.         0.66666667 0.5        0.5
 0.66666667 0.5        0.5        1.         1.         0.5
 0.         0.66666667 0.5        0.5        0.         1.
 0.         0.5        0.66666667 0.33333333 0.5        1.
 1.         1.         1.         0.         1.         0.5
 0.5        1.         0.5        1.         1.         1.
 1.         1.         0.5        1.         1.         0.5
 1.         0.5       ] 

True Negative Rate (TNR)(Specificity):		
 [0.98843931 0.99421965 1.         0.99421965 0.99421965 0.98843931
 0.99421965 0.99418605 1.         0.98843931 1.         1.
 0.99421965 1.         1.         0.99421965 1.         0.99421965
 0.98843931 0.99421965 1.         0.99421965 1.         0.98837209
 1.         0.99421965 0.98843931 0.99421965 0.99421965 1.
 1.         0.98843931 1.         1.         1.         1.
 0.98837209 0.99421965 0.99421965 0.99418605 0.99421965 1.
 0.98837209 0.99421965 1.         0.99421965 0.99421965 0.99421965
 0.99418605 1.         1.         0.99421965 1.         1.
 1.         1.         1.         0.99418605 1.         1.
 1.         0.99421965 1.         0.99421965 0.98843931 0.97109827
 1.         1.         0.99421965 0.97109827 0.99421965 1.
 0.99421965 1.         1.         1.         1.         0.98843931
 1.         1.        ] 

Positive Predictive Value (PPV)(Precision):
 [0.5        0.66666667        nan 0.5        0.66666667 0.
 0.5        0.66666667 1.         0.5        1.                nan
 0.         1.         1.         0.66666667        nan 0.5
 0.5        0.66666667 1.         0.66666667 1.         0.5
 1.         0.5        0.33333333 0.66666667 0.66666667 1.
 1.         0.5        1.         1.                nan 1.
 0.5        0.5        0.         0.66666667 0.5        1.
 0.5        0.5        1.         0.66666667 0.66666667 0.5
 0.         1.         1.         0.5               nan 1.
        nan 1.         1.         0.5        1.         1.
 1.         0.66666667 1.         0.         0.5        0.16666667
 1.         1.         0.5        0.28571429 0.66666667 1.
 0.66666667 1.         1.         1.         1.         0.33333333
 1.         1.        ] 

Negative Predictive Value (NPV):
 [1.         1.         0.98857143 0.99421965 1.         0.98843931
 0.99421965 0.99418605 0.99425287 1.         1.         0.98857143
 0.98850575 1.         0.99425287 1.         0.98857143 0.99421965
 1.         1.         1.         1.         1.         0.99415205
 0.99425287 0.99421965 0.99418605 1.         1.         1.
 0.99425287 1.         0.99425287 1.         0.98857143 0.98850575
 0.99415205 0.99421965 0.98850575 0.99418605 0.99421965 0.99425287
 0.99415205 0.99421965 0.99425287 1.         1.         0.99421965
 0.98275862 0.99421965 0.99425287 0.99421965 0.98857143 1.
 0.98285714 0.99425287 0.99421965 0.98843931 0.99425287 1.
 1.         1.         1.         0.98850575 1.         0.99408284
 0.99425287 1.         0.99421965 1.         1.         1.
 1.         1.         0.99425287 1.         1.         0.99418605
 1.         0.99425287] 

False Positive Rate (FPR)(False Match Rate (FMR))(False Acceptance Rate (FAR)):		
 [0.01156069 0.00578035 0.         0.00578035 0.00578035 0.01156069
 0.00578035 0.00581395 0.         0.01156069 0.         0.
 0.00578035 0.         0.         0.00578035 0.         0.00578035
 0.01156069 0.00578035 0.         0.00578035 0.         0.01162791
 0.         0.00578035 0.01156069 0.00578035 0.00578035 0.
 0.         0.01156069 0.         0.         0.         0.
 0.01162791 0.00578035 0.00578035 0.00581395 0.00578035 0.
 0.01162791 0.00578035 0.         0.00578035 0.00578035 0.00578035
 0.00581395 0.         0.         0.00578035 0.         0.
 0.         0.         0.         0.00581395 0.         0.
 0.         0.00578035 0.         0.00578035 0.01156069 0.02890173
 0.         0.         0.00578035 0.02890173 0.00578035 0.
 0.00578035 0.         0.         0.         0.         0.01156069
 0.         0.        ] 

False Negative Rate (FNR)(False Non-Match Rate (FNMR))(False Rejection Rate (FRR)):		
 [0.         0.         1.         0.5        0.         1.
 0.5        0.33333333 0.5        0.         0.         1.
 1.         0.         0.5        0.         1.         0.5
 0.         0.         0.         0.         0.         0.33333333
 0.5        0.5        0.5        0.         0.         0.
 0.5        0.         0.5        0.         1.         0.66666667
 0.33333333 0.5        1.         0.33333333 0.5        0.5
 0.33333333 0.5        0.5        0.         0.         0.5
 1.         0.33333333 0.5        0.5        1.         0.
 1.         0.5        0.33333333 0.66666667 0.5        0.
 0.         0.         0.         1.         0.         0.5
 0.5        0.         0.5        0.         0.         0.
 0.         0.         0.5        0.         0.         0.5
 0.         0.5       ] 

False Discovery Rate (FDR):		
 [0.5        0.33333333        nan 0.5        0.33333333 1.
 0.5        0.33333333 0.         0.5        0.                nan
 1.         0.         0.         0.33333333        nan 0.5
 0.5        0.33333333 0.         0.33333333 0.         0.5
 0.         0.5        0.66666667 0.33333333 0.33333333 0.
 0.         0.5        0.         0.                nan 0.
 0.5        0.5        1.         0.33333333 0.5        0.
 0.5        0.5        0.         0.33333333 0.33333333 0.5
 1.         0.         0.         0.5               nan 0.
        nan 0.         0.         0.5        0.         0.
 0.         0.33333333 0.         1.         0.5        0.83333333
 0.         0.         0.5        0.71428571 0.33333333 0.
 0.33333333 0.         0.         0.         0.         0.66666667
 0.         0.        ] 

Overall accuracy (ACC):			
 [0.98857143 0.99428571 0.98857143 0.98857143 0.99428571 0.97714286
 0.98857143 0.98857143 0.99428571 0.98857143 1.         0.98857143
 0.98285714 1.         0.99428571 0.99428571 0.98857143 0.98857143
 0.98857143 0.99428571 1.         0.99428571 1.         0.98285714
 0.99428571 0.98857143 0.98285714 0.99428571 0.99428571 1.
 0.99428571 0.98857143 0.99428571 1.         0.98857143 0.98857143
 0.98285714 0.98857143 0.98285714 0.98857143 0.98857143 0.99428571
 0.98285714 0.98857143 0.99428571 0.99428571 0.99428571 0.98857143
 0.97714286 0.99428571 0.99428571 0.98857143 0.98857143 1.
 0.98285714 0.99428571 0.99428571 0.98285714 0.99428571 1.
 1.         0.99428571 1.         0.98285714 0.98857143 0.96571429
 0.99428571 1.         0.98857143 0.97142857 0.99428571 1.
 0.99428571 1.         0.99428571 1.         1.         0.98285714
 1.         0.99428571] 


###########################################################
###########################################################
Confusion Matrix (CM): 
[[2 0 0 ... 0 0 0]
 [0 2 0 ... 0 0 0]
 [0 0 0 ... 0 0 0]
 ...
 [0 0 0 ... 1 0 0]
 [0 0 0 ... 0 2 0]
 [0 0 0 ... 0 0 1]]