##################################################
################## the settings ##################
##################################################

Grid_n_jobs:           3
space:                 {'n_components': [10, 15, 20, 25, 30]}
inner_n_splits:        10
outer_n_splits (dis):  10
df_all_features.shape: (1744, 750)
trainingData.shape:    (1569, 673)
testData.shape:        (175, 673)
test size:             0.1




##################################################
###### summarize the estimated performance #######
####### of the best model on the test set ########
##################################################

Rank-1: 61.14%
best parameters are:
 {'n_components': 10}

              precision    recall  f1-score   support

           0       0.33      0.50      0.40         2
           1       0.00      0.00      0.00         2
           2       0.00      0.00      0.00         2
           3       0.50      0.50      0.50         2
           4       0.67      1.00      0.80         2
           5       0.00      0.00      0.00         2
           6       0.00      0.00      0.00         2
           7       0.75      1.00      0.86         3
           8       1.00      0.50      0.67         2
           9       1.00      1.00      1.00         2
          10       1.00      1.00      1.00         2
          11       0.00      0.00      0.00         2
          12       0.50      0.50      0.50         2
          13       0.67      1.00      0.80         2
          14       1.00      0.50      0.67         2
          15       0.50      0.50      0.50         2
          16       0.00      0.00      0.00         2
          17       0.50      0.50      0.50         2
          18       0.67      1.00      0.80         2
          19       0.25      0.50      0.33         2
          20       1.00      0.67      0.80         3
          21       1.00      1.00      1.00         2
          22       1.00      1.00      1.00         2
          23       0.67      0.67      0.67         3
          24       1.00      1.00      1.00         2
          25       1.00      0.50      0.67         2
          26       1.00      1.00      1.00         2
          27       0.33      0.50      0.40         2
          28       0.67      1.00      0.80         2
          29       0.33      0.50      0.40         2
          30       1.00      0.50      0.67         2
          31       1.00      1.00      1.00         2
          32       0.00      0.00      0.00         2
          33       0.67      0.67      0.67         3
          34       0.00      0.00      0.00         2
          35       0.00      0.00      0.00         3
          36       0.60      1.00      0.75         3
          37       1.00      1.00      1.00         2
          38       1.00      0.50      0.67         2
          39       0.60      1.00      0.75         3
          40       1.00      0.50      0.67         2
          41       1.00      0.50      0.67         2
          42       1.00      0.67      0.80         3
          43       0.00      0.00      0.00         2
          44       1.00      1.00      1.00         2
          45       1.00      1.00      1.00         2
          46       0.00      0.00      0.00         2
          47       0.50      0.50      0.50         2
          48       0.00      0.00      0.00         3
          49       0.67      0.67      0.67         3
          50       0.50      0.50      0.50         2
          51       1.00      0.50      0.67         2
          52       1.00      0.50      0.67         2
          53       1.00      1.00      1.00         3
          54       0.00      0.00      0.00         3
          55       1.00      0.50      0.67         2
          56       0.75      1.00      0.86         3
          57       0.20      0.33      0.25         3
          58       1.00      0.50      0.67         2
          59       1.00      1.00      1.00         2
          60       1.00      1.00      1.00         2
          61       0.50      1.00      0.67         2
          62       0.75      1.00      0.86         3
          63       0.00      0.00      0.00         2
          64       0.25      0.50      0.33         2
          65       0.25      0.50      0.33         2
          66       0.50      0.50      0.50         2
          67       0.50      0.50      0.50         2
          68       0.67      1.00      0.80         2
          69       0.33      1.00      0.50         2
          70       0.50      1.00      0.67         2
          71       1.00      1.00      1.00         2
          72       1.00      0.50      0.67         2
          73       0.67      1.00      0.80         2
          74       1.00      0.50      0.67         2
          75       1.00      1.00      1.00         2
          76       1.00      1.00      1.00         2
          77       0.25      0.50      0.33         2
          78       0.67      1.00      0.80         2
          79       0.00      0.00      0.00         2

    accuracy                           0.61       175
   macro avg       0.61      0.61      0.58       175
weighted avg       0.61      0.61      0.58       175

