##################################################
################## the settings ##################
##################################################

Grid_n_jobs:           3
space:                 {'n_components': [10, 15, 20, 25, 30]}
inner_n_splits:        10
outer_n_splits (dis):  10
df_all_features.shape: (1744, 750)
trainingData.shape:    (1569, 368)
testData.shape:        (175, 368)
test size:             0.1




##################################################
###### summarize the estimated performance #######
####### of the best model on the test set ########
##################################################

Rank-1: 60.00%
best parameters are:
 {'n_components': 10}

              precision    recall  f1-score   support

           0       0.33      0.50      0.40         2
           1       1.00      1.00      1.00         2
           2       0.00      0.00      0.00         2
           3       0.50      0.50      0.50         2
           4       0.67      1.00      0.80         2
           5       0.00      0.00      0.00         2
           6       1.00      0.50      0.67         2
           7       0.67      0.67      0.67         3
           8       1.00      0.50      0.67         2
           9       1.00      1.00      1.00         2
          10       1.00      1.00      1.00         2
          11       0.00      0.00      0.00         2
          12       0.00      0.00      0.00         2
          13       0.67      1.00      0.80         2
          14       1.00      0.50      0.67         2
          15       1.00      0.50      0.67         2
          16       0.00      0.00      0.00         2
          17       0.50      0.50      0.50         2
          18       0.50      1.00      0.67         2
          19       0.50      1.00      0.67         2
          20       1.00      1.00      1.00         3
          21       0.50      0.50      0.50         2
          22       1.00      1.00      1.00         2
          23       0.33      0.33      0.33         3
          24       1.00      0.50      0.67         2
          25       0.50      0.50      0.50         2
          26       0.25      0.50      0.33         2
          27       0.67      1.00      0.80         2
          28       0.67      1.00      0.80         2
          29       0.50      1.00      0.67         2
          30       0.50      0.50      0.50         2
          31       0.50      1.00      0.67         2
          32       0.00      0.00      0.00         2
          33       0.60      1.00      0.75         3
          34       0.00      0.00      0.00         2
          35       1.00      0.33      0.50         3
          36       0.40      0.67      0.50         3
          37       0.50      0.50      0.50         2
          38       0.00      0.00      0.00         2
          39       0.40      0.67      0.50         3
          40       0.00      0.00      0.00         2
          41       1.00      1.00      1.00         2
          42       0.50      0.67      0.57         3
          43       0.50      0.50      0.50         2
          44       1.00      0.50      0.67         2
          45       0.67      1.00      0.80         2
          46       0.50      0.50      0.50         2
          47       0.50      0.50      0.50         2
          48       0.00      0.00      0.00         3
          49       1.00      0.67      0.80         3
          50       1.00      0.50      0.67         2
          51       0.50      0.50      0.50         2
          52       0.00      0.00      0.00         2
          53       1.00      1.00      1.00         3
          54       0.00      0.00      0.00         3
          55       0.00      0.00      0.00         2
          56       1.00      1.00      1.00         3
          57       0.33      0.33      0.33         3
          58       1.00      0.50      0.67         2
          59       1.00      1.00      1.00         2
          60       0.67      1.00      0.80         2
          61       0.50      1.00      0.67         2
          62       0.75      1.00      0.86         3
          63       0.00      0.00      0.00         2
          64       0.50      1.00      0.67         2
          65       0.14      0.50      0.22         2
          66       0.00      0.00      0.00         2
          67       1.00      0.50      0.67         2
          68       0.50      0.50      0.50         2
          69       0.33      1.00      0.50         2
          70       1.00      1.00      1.00         2
          71       1.00      1.00      1.00         2
          72       0.67      1.00      0.80         2
          73       1.00      1.00      1.00         2
          74       1.00      0.50      0.67         2
          75       1.00      1.00      1.00         2
          76       1.00      1.00      1.00         2
          77       0.50      0.50      0.50         2
          78       1.00      1.00      1.00         2
          79       0.00      0.00      0.00         2

    accuracy                           0.60       175
   macro avg       0.57      0.60      0.56       175
weighted avg       0.57      0.60      0.56       175

