##################################################
################## the settings ##################
##################################################

Grid_n_jobs:           3
space:                 {'sfs__k_features': [3]}
inner_n_splits:        10
df_all_features.shape: (1744, 749)
trainingData.shape:    (1569, 367)
testData.shape:        (175, 367)
test size:             0.1




##################################################
###### summarize the estimated performance #######
####### of the best model on the test set ########
##################################################

Rank-1: 18.29%
best parameters are:
 {'sfs__k_features': 3}

              precision    recall  f1-score   support

           0       0.50      0.50      0.50         2
           1       0.00      0.00      0.00         2
           2       0.00      0.00      0.00         2
           3       0.00      0.00      0.00         2
           4       0.00      0.00      0.00         2
           5       0.00      0.00      0.00         2
           6       0.00      0.00      0.00         2
           7       0.25      0.33      0.29         3
           8       0.00      0.00      0.00         2
           9       0.50      0.50      0.50         2
          10       0.00      0.00      0.00         2
          11       0.00      0.00      0.00         2
          12       0.00      0.00      0.00         2
          13       0.00      0.00      0.00         2
          14       1.00      0.50      0.67         2
          15       0.00      0.00      0.00         2
          16       0.33      0.50      0.40         2
          17       0.17      0.50      0.25         2
          18       0.00      0.00      0.00         2
          19       0.00      0.00      0.00         2
          20       0.00      0.00      0.00         3
          21       0.33      1.00      0.50         2
          22       0.67      1.00      0.80         2
          23       0.00      0.00      0.00         3
          24       0.00      0.00      0.00         2
          25       0.25      0.50      0.33         2
          26       0.00      0.00      0.00         2
          27       0.00      0.00      0.00         2
          28       0.00      0.00      0.00         2
          29       0.50      1.00      0.67         2
          30       0.00      0.00      0.00         2
          31       0.00      0.00      0.00         2
          32       0.50      1.00      0.67         2
          33       1.00      0.67      0.80         3
          34       0.00      0.00      0.00         2
          35       0.00      0.00      0.00         3
          36       0.00      0.00      0.00         3
          37       0.00      0.00      0.00         2
          38       0.25      0.50      0.33         2
          39       0.00      0.00      0.00         3
          40       0.00      0.00      0.00         2
          41       0.00      0.00      0.00         2
          42       1.00      0.67      0.80         3
          43       0.00      0.00      0.00         2
          44       0.00      0.00      0.00         2
          45       0.50      0.50      0.50         2
          46       0.00      0.00      0.00         2
          47       0.25      0.50      0.33         2
          48       0.00      0.00      0.00         3
          49       0.00      0.00      0.00         3
          50       0.50      0.50      0.50         2
          51       0.00      0.00      0.00         2
          52       0.00      0.00      0.00         2
          53       0.17      0.33      0.22         3
          54       0.00      0.00      0.00         3
          55       1.00      0.50      0.67         2
          56       0.40      0.67      0.50         3
          57       0.00      0.00      0.00         3
          58       0.00      0.00      0.00         2
          59       1.00      0.50      0.67         2
          60       0.00      0.00      0.00         2
          61       0.00      0.00      0.00         2
          62       0.00      0.00      0.00         3
          63       0.00      0.00      0.00         2
          64       0.00      0.00      0.00         2
          65       0.00      0.00      0.00         2
          66       0.00      0.00      0.00         2
          67       0.00      0.00      0.00         2
          68       0.40      1.00      0.57         2
          69       0.00      0.00      0.00         2
          70       0.00      0.00      0.00         2
          71       0.00      0.00      0.00         2
          72       0.00      0.00      0.00         2
          73       0.20      0.50      0.29         2
          74       0.33      0.50      0.40         2
          75       0.00      0.00      0.00         2
          76       0.00      0.00      0.00         2
          77       0.00      0.00      0.00         2
          78       0.00      0.00      0.00         2
          79       0.00      0.00      0.00         2

    accuracy                           0.18       175
   macro avg       0.15      0.18      0.15       175
weighted avg       0.15      0.18      0.15       175


###########################################################
###########################################################
False Positive (FP):				 [1. 3. 4. 1. 1. 2. 1. 3. 2. 1. 2. 0. 1. 2. 0. 3. 2. 5. 5. 2. 1. 4. 1. 1.
 1. 3. 3. 0. 0. 2. 2. 0. 2. 0. 1. 0. 5. 0. 3. 1. 0. 0. 0. 2. 1. 1. 0. 3.
 2. 0. 1. 3. 1. 5. 2. 0. 3. 6. 0. 0. 0. 2. 1. 8. 0. 3. 1. 2. 3. 2. 1. 5.
 1. 4. 2. 0. 1. 0. 3. 3.]
False Negative (FN):				 [1. 2. 2. 2. 2. 2. 2. 2. 2. 1. 2. 2. 2. 2. 1. 2. 1. 1. 2. 2. 3. 0. 0. 3.
 2. 1. 2. 2. 2. 0. 2. 2. 0. 1. 2. 3. 3. 2. 1. 3. 2. 2. 1. 2. 2. 1. 2. 1.
 3. 3. 1. 2. 2. 2. 3. 1. 1. 3. 2. 1. 2. 2. 3. 2. 2. 2. 2. 2. 0. 2. 2. 2.
 2. 1. 1. 2. 2. 2. 2. 2.]
True Positive (TP):				 [1. 0. 0. 0. 0. 0. 0. 1. 0. 1. 0. 0. 0. 0. 1. 0. 1. 1. 0. 0. 0. 2. 2. 0.
 0. 1. 0. 0. 0. 2. 0. 0. 2. 2. 0. 0. 0. 0. 1. 0. 0. 0. 2. 0. 0. 1. 0. 1.
 0. 0. 1. 0. 0. 1. 0. 1. 2. 0. 0. 1. 0. 0. 0. 0. 0. 0. 0. 0. 2. 0. 0. 0.
 0. 1. 1. 0. 0. 0. 0. 0.]
True Negative (TN):				 [172. 170. 169. 172. 172. 171. 172. 169. 171. 172. 171. 173. 172. 171.
 173. 170. 171. 168. 168. 171. 171. 169. 172. 171. 172. 170. 170. 173.
 173. 171. 171. 173. 171. 172. 172. 172. 167. 173. 170. 171. 173. 173.
 172. 171. 172. 172. 173. 170. 170. 172. 172. 170. 172. 167. 170. 173.
 169. 166. 173. 173. 173. 171. 171. 165. 173. 170. 172. 171. 170. 171.
 172. 168. 172. 169. 171. 173. 172. 173. 170. 170.]
True Positive Rate (TPR):			 [0.5        0.         0.         0.         0.         0.
 0.         0.33333333 0.         0.5        0.         0.
 0.         0.         0.5        0.         0.5        0.5
 0.         0.         0.         1.         1.         0.
 0.         0.5        0.         0.         0.         1.
 0.         0.         1.         0.66666667 0.         0.
 0.         0.         0.5        0.         0.         0.
 0.66666667 0.         0.         0.5        0.         0.5
 0.         0.         0.5        0.         0.         0.33333333
 0.         0.5        0.66666667 0.         0.         0.5
 0.         0.         0.         0.         0.         0.
 0.         0.         1.         0.         0.         0.
 0.         0.5        0.5        0.         0.         0.
 0.         0.        ] 
True Negative Rate (TNR):			 [0.99421965 0.98265896 0.97687861 0.99421965 0.99421965 0.98843931
 0.99421965 0.98255814 0.98843931 0.99421965 0.98843931 1.
 0.99421965 0.98843931 1.         0.98265896 0.98843931 0.97109827
 0.97109827 0.98843931 0.99418605 0.97687861 0.99421965 0.99418605
 0.99421965 0.98265896 0.98265896 1.         1.         0.98843931
 0.98843931 1.         0.98843931 1.         0.99421965 1.
 0.97093023 1.         0.98265896 0.99418605 1.         1.
 1.         0.98843931 0.99421965 0.99421965 1.         0.98265896
 0.98837209 1.         0.99421965 0.98265896 0.99421965 0.97093023
 0.98837209 1.         0.98255814 0.96511628 1.         1.
 1.         0.98843931 0.99418605 0.95375723 1.         0.98265896
 0.99421965 0.98843931 0.98265896 0.98843931 0.99421965 0.97109827
 0.99421965 0.97687861 0.98843931 1.         0.99421965 1.
 0.98265896 0.98265896] 
Positive Predictive Value (PPV):	 [0.5        0.         0.         0.         0.         0.
 0.         0.25       0.         0.5        0.                nan
 0.         0.         1.         0.         0.33333333 0.16666667
 0.         0.         0.         0.33333333 0.66666667 0.
 0.         0.25       0.                nan        nan 0.5
 0.                nan 0.5        1.         0.                nan
 0.                nan 0.25       0.                nan        nan
 1.         0.         0.         0.5               nan 0.25
 0.                nan 0.5        0.         0.         0.16666667
 0.         1.         0.4        0.                nan 1.
        nan 0.         0.         0.                nan 0.
 0.         0.         0.4        0.         0.         0.
 0.         0.2        0.33333333        nan 0.                nan
 0.         0.        ] 
Negative Predictive Value (NPV):	 [0.99421965 0.98837209 0.98830409 0.98850575 0.98850575 0.98843931
 0.98850575 0.98830409 0.98843931 0.99421965 0.98843931 0.98857143
 0.98850575 0.98843931 0.99425287 0.98837209 0.99418605 0.99408284
 0.98823529 0.98843931 0.98275862 1.         1.         0.98275862
 0.98850575 0.99415205 0.98837209 0.98857143 0.98857143 1.
 0.98843931 0.98857143 1.         0.99421965 0.98850575 0.98285714
 0.98235294 0.98857143 0.99415205 0.98275862 0.98857143 0.98857143
 0.99421965 0.98843931 0.98850575 0.99421965 0.98857143 0.99415205
 0.98265896 0.98285714 0.99421965 0.98837209 0.98850575 0.98816568
 0.98265896 0.99425287 0.99411765 0.98224852 0.98857143 0.99425287
 0.98857143 0.98843931 0.98275862 0.98802395 0.98857143 0.98837209
 0.98850575 0.98843931 1.         0.98843931 0.98850575 0.98823529
 0.98850575 0.99411765 0.99418605 0.98857143 0.98850575 0.98857143
 0.98837209 0.98837209] 
False Positive Rate (FPR):			 [0.00578035 0.01734104 0.02312139 0.00578035 0.00578035 0.01156069
 0.00578035 0.01744186 0.01156069 0.00578035 0.01156069 0.
 0.00578035 0.01156069 0.         0.01734104 0.01156069 0.02890173
 0.02890173 0.01156069 0.00581395 0.02312139 0.00578035 0.00581395
 0.00578035 0.01734104 0.01734104 0.         0.         0.01156069
 0.01156069 0.         0.01156069 0.         0.00578035 0.
 0.02906977 0.         0.01734104 0.00581395 0.         0.
 0.         0.01156069 0.00578035 0.00578035 0.         0.01734104
 0.01162791 0.         0.00578035 0.01734104 0.00578035 0.02906977
 0.01162791 0.         0.01744186 0.03488372 0.         0.
 0.         0.01156069 0.00581395 0.04624277 0.         0.01734104
 0.00578035 0.01156069 0.01734104 0.01156069 0.00578035 0.02890173
 0.00578035 0.02312139 0.01156069 0.         0.00578035 0.
 0.01734104 0.01734104] 
False Negative Rate (FNR):			 [0.5        1.         1.         1.         1.         1.
 1.         0.66666667 1.         0.5        1.         1.
 1.         1.         0.5        1.         0.5        0.5
 1.         1.         1.         0.         0.         1.
 1.         0.5        1.         1.         1.         0.
 1.         1.         0.         0.33333333 1.         1.
 1.         1.         0.5        1.         1.         1.
 0.33333333 1.         1.         0.5        1.         0.5
 1.         1.         0.5        1.         1.         0.66666667
 1.         0.5        0.33333333 1.         1.         0.5
 1.         1.         1.         1.         1.         1.
 1.         1.         0.         1.         1.         1.
 1.         0.5        0.5        1.         1.         1.
 1.         1.        ] 
False Discovery Rate (FDR):			 [0.5        1.         1.         1.         1.         1.
 1.         0.75       1.         0.5        1.                nan
 1.         1.         0.         1.         0.66666667 0.83333333
 1.         1.         1.         0.66666667 0.33333333 1.
 1.         0.75       1.                nan        nan 0.5
 1.                nan 0.5        0.         1.                nan
 1.                nan 0.75       1.                nan        nan
 0.         1.         1.         0.5               nan 0.75
 1.                nan 0.5        1.         1.         0.83333333
 1.         0.         0.6        1.                nan 0.
        nan 1.         1.         1.                nan 1.
 1.         1.         0.6        1.         1.         1.
 1.         0.8        0.66666667        nan 1.                nan
 1.         1.        ] 
Overall accuracy (ACC):				 [0.98857143 0.97142857 0.96571429 0.98285714 0.98285714 0.97714286
 0.98285714 0.97142857 0.97714286 0.98857143 0.97714286 0.98857143
 0.98285714 0.97714286 0.99428571 0.97142857 0.98285714 0.96571429
 0.96       0.97714286 0.97714286 0.97714286 0.99428571 0.97714286
 0.98285714 0.97714286 0.97142857 0.98857143 0.98857143 0.98857143
 0.97714286 0.98857143 0.98857143 0.99428571 0.98285714 0.98285714
 0.95428571 0.98857143 0.97714286 0.97714286 0.98857143 0.98857143
 0.99428571 0.97714286 0.98285714 0.98857143 0.98857143 0.97714286
 0.97142857 0.98285714 0.98857143 0.97142857 0.98285714 0.96
 0.97142857 0.99428571 0.97714286 0.94857143 0.98857143 0.99428571
 0.98857143 0.97714286 0.97714286 0.94285714 0.98857143 0.97142857
 0.98285714 0.97714286 0.98285714 0.97714286 0.98285714 0.96
 0.98285714 0.97142857 0.98285714 0.98857143 0.98285714 0.98857143
 0.97142857 0.97142857] 

###########################################################
###########################################################
Confusion Matrix (CM): 
[[1 0 0 ... 0 0 0]
 [0 0 0 ... 0 0 0]
 [0 0 0 ... 0 0 0]
 ...
 [0 0 0 ... 0 0 1]
 [1 0 0 ... 0 0 0]
 [0 0 0 ... 0 0 0]]