
###########################################################
###########################################################
fpr (CM): 
[0.         0.00283116 0.0064115  0.01321322 0.0187426  0.02428415
 0.03182482 0.04050144 0.05347631 0.0664764  0.0799559  0.09912992
 0.11618094 0.1318035  0.1672457  0.2417818  0.31335434 0.40605123
 0.68290025 1.        ]
tpr (CM): 
[0.         0.01503036 0.03289474 0.06356275 0.11420378 0.19996626
 0.28395749 0.35942982 0.41648111 0.47432524 0.54210526 0.60524629
 0.66214575 0.7265857  0.7807861  0.81864035 0.88645412 0.96508097
 0.97955466 0.98076923]
auc (CM): 
0.870