
###########################################################
###########################################################
fpr (CM): 
[0.         0.00153945 0.0030789  0.00461835 0.00615779 0.00769724
 0.00923669 0.0108333  0.01245848 0.01408366 0.05495637 0.13507659
 0.21519681 0.30516433 0.41482644 0.53030903 0.64773177 0.76515451
 0.88257726 1.        ]
tpr (CM): 
[0.         0.02559042 0.05118084 0.07677126 0.10236167 0.12795209
 0.15354251 0.1775135  0.20067476 0.22383603 0.2652834  0.32501687
 0.38475034 0.45182186 0.5335695  0.62139001 0.71123482 0.80107962
 0.89092443 0.98076923]
auc (CM): 
0.598