
###########################################################
###########################################################
fpr (CM): 
[0.         0.00180965 0.0036193  0.00542895 0.00723859 0.00904824
 0.01085789 0.01266754 0.01447719 0.01628684 0.06891842 0.17237192
 0.27582543 0.37927894 0.48273245 0.58618596 0.68963947 0.79309298
 0.89654649 1.        ]
tpr (CM): 
[0.         0.01754386 0.03508772 0.05263158 0.07017544 0.0877193
 0.10526316 0.12280702 0.14035088 0.15789474 0.20951417 0.29520918
 0.38090418 0.46659919 0.5522942  0.6379892  0.72368421 0.80937922
 0.89507422 0.98076923]
auc (CM): 
0.565