
###########################################################
###########################################################
fpr (CM): 
[0.         0.00598099 0.01196198 0.01794297 0.02390484 0.03020092
 0.03772894 0.04895779 0.06226542 0.07591559 0.11827434 0.18934165
 0.26570049 0.3576837  0.47386027 0.58398763 0.68863933 0.79242622
 0.89621311 1.        ]
tpr (CM): 
[0.         0.01811741 0.03623482 0.05435223 0.07246964 0.0909919
 0.11072874 0.13579622 0.16393387 0.19267881 0.2425776  0.31363023
 0.39030027 0.47510121 0.56867409 0.65738866 0.73922065 0.81973684
 0.90025304 0.98076923]
auc (CM): 
0.573