
###########################################################
###########################################################
fpr (CM): 
[0.         0.00180064 0.00924672 0.03481458 0.05119998 0.06024843
 0.08303855 0.12275734 0.15021552 0.17218244 0.20843733 0.25745852
 0.29038333 0.31064858 0.3730715  0.48591825 0.56550755 0.62617341
 0.80552696 1.        ]
tpr (CM): 
[0.         0.02650499 0.05197798 0.07724458 0.1378053  0.2378053
 0.29802202 0.33558652 0.40416237 0.48114895 0.5378913  0.58197454
 0.64927761 0.73887169 0.79193326 0.81584107 0.89143447 0.98570691
 1.         1.        ]
auc (CM): 
0.760