##################################################
################## the settings ##################
##################################################

Grid_n_jobs:           3
space:                 {'n_components': [10, 15, 20, 25, 30]}
inner_n_splits:        5
outer_n_splits:        10
df_all_features.shape: (1744, 720)
trainingData.shape:    (1412, 382)
evaluationData.shape:  (157, 382)
testData.shape:        (175, 382)
test size:             0.1


##################################################
CV: 1 ############################################
##################################################

Rank-1: 64.33%
##################################################
CV: 2 ############################################
##################################################

Rank-1: 68.79%
##################################################
CV: 3 ############################################
##################################################

Rank-1: 64.97%
##################################################
CV: 4 ############################################
##################################################

Rank-1: 66.88%
##################################################
CV: 5 ############################################
##################################################

Rank-1: 64.97%
##################################################
CV: 6 ############################################
##################################################

Rank-1: 61.78%
##################################################
CV: 7 ############################################
##################################################

Rank-1: 66.88%
##################################################
CV: 8 ############################################
##################################################

Rank-1: 61.78%
##################################################
CV: 9 ############################################
##################################################

Rank-1: 60.51%
##################################################
CV: 10 ############################################
##################################################

Rank-1: 64.10%


##################################################
###### summarize the estimated performance #######
##### of the best model on the training set ######
##################################################

[mean,std] Accuracy Rank-1: [64.50, 2.47]


##################################################
###### summarize the estimated performance #######
####### of the best model on the test set ########
##################################################

Rank-1: 63.43%
best parameters are:
 {'n_components': 10}

              precision    recall  f1-score   support

           0       0.50      1.00      0.67         1
           1       1.00      0.67      0.80         3
           2       1.00      0.25      0.40         4
           3       0.00      0.00      0.00         0
           4       0.50      1.00      0.67         2
           5       0.25      1.00      0.40         1
           6       1.00      1.00      1.00         2
           7       1.00      1.00      1.00         2
           8       1.00      0.75      0.86         4
           9       0.50      0.50      0.50         2
          10       0.75      1.00      0.86         3
          11       1.00      0.67      0.80         3
          12       0.00      0.00      0.00         2
          13       0.50      0.50      0.50         2
          14       1.00      1.00      1.00         2
          16       0.00      0.00      0.00         2
          17       1.00      1.00      1.00         3
          18       1.00      0.50      0.67         2
          19       1.00      0.67      0.80         3
          20       0.00      0.00      0.00         1
          21       0.50      1.00      0.67         2
          22       1.00      1.00      1.00         2
          23       1.00      0.75      0.86         4
          24       1.00      1.00      1.00         1
          25       0.00      0.00      0.00         3
          26       0.00      0.00      0.00         0
          27       0.50      0.50      0.50         2
          28       0.17      0.50      0.25         2
          29       0.00      0.00      0.00         0
          30       1.00      0.40      0.57         5
          31       0.67      1.00      0.80         2
          33       0.50      1.00      0.67         3
          34       0.00      0.00      0.00         1
          35       0.50      0.50      0.50         2
          36       0.00      0.00      0.00         1
          37       0.33      0.25      0.29         4
          39       0.50      0.50      0.50         2
          42       1.00      0.75      0.86         4
          43       1.00      0.50      0.67         2
          44       1.00      0.50      0.67         2
          45       0.00      0.00      0.00         2
          46       0.00      0.00      0.00         4
          47       1.00      0.67      0.80         3
          48       1.00      0.25      0.40         4
          49       0.00      0.00      0.00         2
          50       1.00      0.50      0.67         2
          51       1.00      1.00      1.00         4
          52       1.00      1.00      1.00         3
          53       0.80      1.00      0.89         4
          55       1.00      0.60      0.75         5
          56       1.00      0.67      0.80         6
          57       0.50      0.50      0.50         2
          58       1.00      0.67      0.80         3
          59       1.00      1.00      1.00         1
          60       1.00      1.00      1.00         1
          61       0.29      0.50      0.36         4
          62       0.67      1.00      0.80         2
          63       0.00      0.00      0.00         1
          64       0.33      1.00      0.50         2
          65       0.25      0.50      0.33         2
          66       1.00      1.00      1.00         1
          67       0.60      1.00      0.75         3
          68       1.00      1.00      1.00         1
          69       0.50      0.25      0.33         4
          70       1.00      1.00      1.00         1
          71       1.00      1.00      1.00         1
          72       0.50      0.67      0.57         3
          73       0.50      1.00      0.67         1
          74       0.67      1.00      0.80         2
          75       1.00      1.00      1.00         2
          76       0.75      0.75      0.75         4
          77       0.00      0.00      0.00         1
          78       1.00      1.00      1.00         3
          79       0.67      0.67      0.67         3

    accuracy                           0.63       175
   macro avg       0.63      0.62      0.59       175
weighted avg       0.71      0.63      0.63       175

