##################################################
################## the settings ##################
##################################################

Grid_n_jobs:           3
space:                 {'sfs__k_features': [100]}
inner_n_splits:        10
df_all_features.shape: (1744, 749)
trainingData.shape:    (1569, 367)
testData.shape:        (175, 367)
test size:             0.1


##################################################
###### summarize the estimated performance #######
####### of the best model on the test set ########
##################################################

Rank-1: 64.57%
best parameters are:
 {'sfs__k_features': 100}

              precision    recall  f1-score   support

           0       0.50      1.00      0.67         2
           1       0.67      1.00      0.80         2
           2       0.00      0.00      0.00         2
           3       0.50      0.50      0.50         2
           4       1.00      1.00      1.00         2
           5       0.67      1.00      0.80         2
           6       0.00      0.00      0.00         2
           7       0.50      0.67      0.57         3
           8       1.00      1.00      1.00         2
           9       1.00      1.00      1.00         2
          10       1.00      1.00      1.00         2
          11       0.00      0.00      0.00         2
          12       0.00      0.00      0.00         2
          13       1.00      1.00      1.00         2
          14       1.00      0.50      0.67         2
          15       0.50      1.00      0.67         2
          16       0.00      0.00      0.00         2
          17       0.67      1.00      0.80         2
          18       0.50      0.50      0.50         2
          19       0.25      0.50      0.33         2
          20       1.00      0.33      0.50         3
          21       0.50      1.00      0.67         2
          22       1.00      1.00      1.00         2
          23       1.00      0.67      0.80         3
          24       0.33      0.50      0.40         2
          25       1.00      0.50      0.67         2
          26       0.50      0.50      0.50         2
          27       0.50      0.50      0.50         2
          28       0.50      1.00      0.67         2
          29       0.25      0.50      0.33         2
          30       1.00      0.50      0.67         2
          31       0.50      1.00      0.67         2
          32       1.00      0.50      0.67         2
          33       0.75      1.00      0.86         3
          34       0.00      0.00      0.00         2
          35       0.00      0.00      0.00         3
          36       0.50      0.67      0.57         3
          37       0.50      0.50      0.50         2
          38       0.00      0.00      0.00         2
          39       0.67      0.67      0.67         3
          40       0.67      1.00      0.80         2
          41       1.00      1.00      1.00         2
          42       1.00      1.00      1.00         3
          43       0.33      0.50      0.40         2
          44       0.67      1.00      0.80         2
          45       1.00      1.00      1.00         2
          46       1.00      1.00      1.00         2
          47       1.00      1.00      1.00         2
          48       0.00      0.00      0.00         3
          49       1.00      0.33      0.50         3
          50       1.00      0.50      0.67         2
          51       1.00      0.50      0.67         2
          52       0.00      0.00      0.00         2
          53       1.00      1.00      1.00         3
          54       0.00      0.00      0.00         3
          55       1.00      0.50      0.67         2
          56       1.00      1.00      1.00         3
          57       0.33      0.33      0.33         3
          58       1.00      0.50      0.67         2
          59       1.00      1.00      1.00         2
          60       1.00      1.00      1.00         2
          61       0.33      0.50      0.40         2
          62       1.00      0.67      0.80         3
          63       0.00      0.00      0.00         2
          64       0.67      1.00      0.80         2
          65       0.50      0.50      0.50         2
          66       0.25      0.50      0.33         2
          67       1.00      1.00      1.00         2
          68       0.50      1.00      0.67         2
          69       0.33      1.00      0.50         2
          70       0.50      1.00      0.67         2
          71       1.00      1.00      1.00         2
          72       1.00      1.00      1.00         2
          73       0.67      1.00      0.80         2
          74       1.00      0.50      0.67         2
          75       1.00      0.50      0.67         2
          76       1.00      1.00      1.00         2
          77       0.67      1.00      0.80         2
          78       1.00      1.00      1.00         2
          79       0.00      0.00      0.00         2

    accuracy                           0.65       175
   macro avg       0.63      0.65      0.61       175
weighted avg       0.63      0.65      0.61       175


###########################################################
###########################################################
False Positive (FP):				 
[2. 1. 0. 1. 0. 1. 0. 2. 0. 0. 0. 1. 2. 0. 0. 2. 1. 1. 1. 3. 0. 2. 0. 0.
 2. 0. 1. 1. 2. 3. 0. 2. 0. 1. 1. 0. 2. 1. 0. 1. 1. 0. 0. 2. 1. 0. 0. 0.
 0. 0. 0. 0. 1. 0. 0. 0. 0. 2. 0. 0. 0. 2. 0. 0. 1. 1. 3. 0. 2. 4. 2. 0.
 0. 1. 0. 0. 0. 1. 0. 1.]


False Negative (FN):				 
[0. 0. 2. 1. 0. 0. 2. 1. 0. 0. 0. 2. 2. 0. 1. 0. 2. 0. 1. 1. 2. 0. 0. 1.
 1. 1. 1. 1. 0. 1. 1. 0. 1. 0. 2. 3. 1. 1. 2. 1. 0. 0. 0. 1. 0. 0. 0. 0.
 3. 2. 1. 1. 2. 0. 3. 1. 0. 2. 1. 0. 0. 1. 1. 2. 0. 1. 1. 0. 0. 0. 0. 0.
 0. 0. 1. 1. 0. 0. 0. 2.]


True Positive (TP):				 
[2. 2. 0. 1. 2. 2. 0. 2. 2. 2. 2. 0. 0. 2. 1. 2. 0. 2. 1. 1. 1. 2. 2. 2.
 1. 1. 1. 1. 2. 1. 1. 2. 1. 3. 0. 0. 2. 1. 0. 2. 2. 2. 3. 1. 2. 2. 2. 2.
 0. 1. 1. 1. 0. 3. 0. 1. 3. 1. 1. 2. 2. 1. 2. 0. 2. 1. 1. 2. 2. 2. 2. 2.
 2. 2. 1. 1. 2. 2. 2. 0.]


True Negative (TN):				 
[171. 172. 173. 172. 173. 172. 173. 170. 173. 173. 173. 172. 171. 173.
 173. 171. 172. 172. 172. 170. 172. 171. 173. 172. 171. 173. 172. 172.
 171. 170. 173. 171. 173. 171. 172. 172. 170. 172. 173. 171. 172. 173.
 172. 171. 172. 173. 173. 173. 172. 172. 173. 173. 172. 172. 172. 173.
 172. 170. 173. 173. 173. 171. 172. 173. 172. 172. 170. 173. 171. 169.
 171. 173. 173. 172. 173. 173. 173. 172. 173. 172.]



True Positive Rate (TPR):			 
[1.         1.         0.         0.5        1.         1.
 0.         0.66666667 1.         1.         1.         0.
 0.         1.         0.5        1.         0.         1.
 0.5        0.5        0.33333333 1.         1.         0.66666667
 0.5        0.5        0.5        0.5        1.         0.5
 0.5        1.         0.5        1.         0.         0.
 0.66666667 0.5        0.         0.66666667 1.         1.
 1.         0.5        1.         1.         1.         1.
 0.         0.33333333 0.5        0.5        0.         1.
 0.         0.5        1.         0.33333333 0.5        1.
 1.         0.5        0.66666667 0.         1.         0.5
 0.5        1.         1.         1.         1.         1.
 1.         1.         0.5        0.5        1.         1.
 1.         0.        ] 


True Negative Rate (TNR):			 
[0.98843931 0.99421965 1.         0.99421965 1.         0.99421965
 1.         0.98837209 1.         1.         1.         0.99421965
 0.98843931 1.         1.         0.98843931 0.99421965 0.99421965
 0.99421965 0.98265896 1.         0.98843931 1.         1.
 0.98843931 1.         0.99421965 0.99421965 0.98843931 0.98265896
 1.         0.98843931 1.         0.99418605 0.99421965 1.
 0.98837209 0.99421965 1.         0.99418605 0.99421965 1.
 1.         0.98843931 0.99421965 1.         1.         1.
 1.         1.         1.         1.         0.99421965 1.
 1.         1.         1.         0.98837209 1.         1.
 1.         0.98843931 1.         1.         0.99421965 0.99421965
 0.98265896 1.         0.98843931 0.97687861 0.98843931 1.
 1.         0.99421965 1.         1.         1.         0.99421965
 1.         0.99421965] 


Positive Predictive Value (PPV):	 
[0.5        0.66666667        nan 0.5        1.         0.66666667
 nan        0.5        1.         1.         1.         0.
 0.         1.         1.         0.5        0.         0.66666667
 0.5        0.25       1.         0.5        1.         1.
 0.33333333 1.         0.5        0.5        0.5        0.25
 1.         0.5        1.         0.75       0.                nan
 0.5        0.5               nan 0.66666667 0.66666667 1.
 1.         0.33333333 0.66666667 1.         1.         1.
 nan        1.         1.         1.         0.         1.
 nan        1.         1.         0.33333333 1.         1.
 1.         0.33333333 1.                nan 0.66666667 0.5
 0.25       1.         0.5        0.33333333 0.5        1.
 1.         0.66666667 1.         1.         1.         0.66666667
 1.         0.        ] 


Negative Predictive Value (NPV):	 
[1.         1.         0.98857143 0.99421965 1.         1.
 0.98857143 0.99415205 1.         1.         1.         0.98850575
 0.98843931 1.         0.99425287 1.         0.98850575 1.
 0.99421965 0.99415205 0.98850575 1.         1.         0.99421965
 0.99418605 0.99425287 0.99421965 0.99421965 1.         0.99415205
 0.99425287 1.         0.99425287 1.         0.98850575 0.98285714
 0.99415205 0.99421965 0.98857143 0.99418605 1.         1.
 1.         0.99418605 1.         1.         1.         1.
 0.98285714 0.98850575 0.99425287 0.99425287 0.98850575 1.
 0.98285714 0.99425287 1.         0.98837209 0.99425287 1.
 1.         0.99418605 0.99421965 0.98857143 1.         0.99421965
 0.99415205 1.         1.         1.         1.         1.
 1.         1.         0.99425287 0.99425287 1.         1.
 1.         0.98850575] 


False Positive Rate (FPR):			 
[0.01156069 0.00578035 0.         0.00578035 0.         0.00578035
 0.         0.01162791 0.         0.         0.         0.00578035
 0.01156069 0.         0.         0.01156069 0.00578035 0.00578035
 0.00578035 0.01734104 0.         0.01156069 0.         0.
 0.01156069 0.         0.00578035 0.00578035 0.01156069 0.01734104
 0.         0.01156069 0.         0.00581395 0.00578035 0.
 0.01162791 0.00578035 0.         0.00581395 0.00578035 0.
 0.         0.01156069 0.00578035 0.         0.         0.
 0.         0.         0.         0.         0.00578035 0.
 0.         0.         0.         0.01162791 0.         0.
 0.         0.01156069 0.         0.         0.00578035 0.00578035
 0.01734104 0.         0.01156069 0.02312139 0.01156069 0.
 0.         0.00578035 0.         0.         0.         0.00578035
 0.         0.00578035] 


False Negative Rate (FNR):			 
[0.         0.         1.         0.5        0.         0.
 1.         0.33333333 0.         0.         0.         1.
 1.         0.         0.5        0.         1.         0.
 0.5        0.5        0.66666667 0.         0.         0.33333333
 0.5        0.5        0.5        0.5        0.         0.5
 0.5        0.         0.5        0.         1.         1.
 0.33333333 0.5        1.         0.33333333 0.         0.
 0.         0.5        0.         0.         0.         0.
 1.         0.66666667 0.5        0.5        1.         0.
 1.         0.5        0.         0.66666667 0.5        0.
 0.         0.5        0.33333333 1.         0.         0.5
 0.5        0.         0.         0.         0.         0.
 0.         0.         0.5        0.5        0.         0.
 0.         1.        ] 


False Discovery Rate (FDR):			 
[0.5        0.33333333        nan 0.5        0.         0.33333333
 nan        0.5        0.         0.         0.         1.
 1.         0.         0.         0.5        1.         0.33333333
 0.5        0.75       0.         0.5        0.         0.
 0.66666667 0.         0.5        0.5        0.5        0.75
 0.         0.5        0.         0.25       1.                nan
 0.5        0.5        nan        0.33333333 0.33333333 0.
 0.         0.66666667 0.33333333 0.         0.         0.
        nan 0.         0.         0.         1.         0.
        nan 0.         0.         0.66666667 0.         0.
 0.         0.66666667 0.                nan 0.33333333 0.5
 0.75       0.         0.5        0.66666667 0.5        0.
 0.         0.33333333 0.         0.         0.         0.33333333
 0.         1.        ] 


Overall accuracy (ACC):				 
[0.98857143 0.99428571 0.98857143 0.98857143 1.         0.99428571
 0.98857143 0.98285714 1.         1.         1.         0.98285714
 0.97714286 1.         0.99428571 0.98857143 0.98285714 0.99428571
 0.98857143 0.97714286 0.98857143 0.98857143 1.         0.99428571
 0.98285714 0.99428571 0.98857143 0.98857143 0.98857143 0.97714286
 0.99428571 0.98857143 0.99428571 0.99428571 0.98285714 0.98285714
 0.98285714 0.98857143 0.98857143 0.98857143 0.99428571 1.
 1.         0.98285714 0.99428571 1.         1.         1.
 0.98285714 0.98857143 0.99428571 0.99428571 0.98285714 1.
 0.98285714 0.99428571 1.         0.97714286 0.99428571 1.
 1.         0.98285714 0.99428571 0.98857143 0.99428571 0.98857143
 0.97714286 1.         0.98857143 0.97714286 0.98857143 1.
 1.         0.99428571 0.99428571 0.99428571 1.         0.99428571
 1.         0.98285714] 

###########################################################
###########################################################
Confusion Matrix (CM): 
[[2 0 0 ... 0 0 0]
 [0 2 0 ... 0 0 0]
 [0 0 0 ... 0 0 0]
 ...
 [0 0 0 ... 2 0 0]
 [0 0 0 ... 0 2 0]
 [0 0 0 ... 0 0 0]]