
###########################################################
###########################################################
fpr (CM): 
[0.         0.00144011 0.00296621 0.00617714 0.01189625 0.01830049
 0.02280227 0.02957801 0.03827227 0.0485101  0.0602177  0.07244192
 0.08564049 0.11810758 0.18434892 0.25687381 0.37311518 0.55828906
 0.77771121 1.        ]
tpr (CM): 
[0.         0.00759109 0.01518219 0.02226721 0.03233806 0.04600202
 0.07211538 0.10096154 0.13415992 0.16204453 0.18896761 0.22054656
 0.25551619 0.29787449 0.36740891 0.4340081  0.53643725 0.67449393
 0.82732794 0.98076923]
auc (CM): 
0.606