
###########################################################
###########################################################
fpr (CM): 
[0.00000000e+00 9.95776224e-04 2.10624021e-03 4.81121666e-03
 8.66028064e-03 1.18393828e-02 1.45667536e-02 1.85846611e-02
 2.23566805e-02 2.82821393e-02 3.50110088e-02 4.18366609e-02
 4.69692100e-02 5.57816079e-02 7.21523740e-02 1.11469708e-01
 1.83686048e-01 3.60502001e-01 6.75014367e-01 1.00000000e+00]
tpr (CM): 
[0.         0.03252362 0.06449055 0.09451754 0.13065115 0.18363698
 0.24423077 0.29586707 0.35575236 0.40359312 0.44419703 0.48022942
 0.53437922 0.59450067 0.65113023 0.68922065 0.72764845 0.79665992
 0.88830972 0.98076923]
auc (CM): 
0.811