
###########################################################
###########################################################
fpr (CM): 
[0.         0.00151549 0.00303099 0.00454648 0.00606198 0.00757747
 0.00909297 0.01058944 0.0120764  0.01356336 0.06020326 0.15199609
 0.24378893 0.34156393 0.45130328 0.56104262 0.67078197 0.78052131
 0.89026066 1.        ]
tpr (CM): 
[0.         0.02557355 0.0511471  0.07672065 0.1022942  0.12786775
 0.1534413  0.17921727 0.20509447 0.23097166 0.27925101 0.34993252
 0.42061404 0.49473684 0.57574224 0.65674764 0.73775304 0.81875843
 0.89976383 0.98076923]
auc (CM): 
0.608