##################################################
################## the settings ##################
##################################################

Grid_n_jobs:           3
space:                 {'n_components': [10, 15, 20, 25, 30]}
inner_n_splits:        5
outer_n_splits:        10
df_all_features.shape: (1744, 720)
trainingData.shape:    (1412, 45)
evaluationData.shape:  (157, 45)
testData.shape:        (175, 45)
test size:             0.1


##################################################
CV: 1 ############################################
##################################################

Rank-1: 47.13%
##################################################
CV: 2 ############################################
##################################################

Rank-1: 49.04%
##################################################
CV: 3 ############################################
##################################################

Rank-1: 42.04%
##################################################
CV: 4 ############################################
##################################################

Rank-1: 52.87%
##################################################
CV: 5 ############################################
##################################################

Rank-1: 51.59%
##################################################
CV: 6 ############################################
##################################################

Rank-1: 52.23%
##################################################
CV: 7 ############################################
##################################################

Rank-1: 52.23%
##################################################
CV: 8 ############################################
##################################################

Rank-1: 52.87%
##################################################
CV: 9 ############################################
##################################################

Rank-1: 49.04%
##################################################
CV: 10 ############################################
##################################################

Rank-1: 50.00%


##################################################
###### summarize the estimated performance #######
##### of the best model on the training set ######
##################################################

[mean,std] Accuracy Rank-1: [49.90, 3.20]


##################################################
###### summarize the estimated performance #######
####### of the best model on the test set ########
##################################################

Rank-1: 54.29%
best parameters are:
 {'n_components': 10}

              precision    recall  f1-score   support

           0       0.00      0.00      0.00         1
           1       0.50      0.33      0.40         3
           2       1.00      0.50      0.67         4
           3       0.00      0.00      0.00         0
           4       0.33      0.50      0.40         2
           5       0.25      1.00      0.40         1
           6       1.00      0.50      0.67         2
           7       0.50      0.50      0.50         2
           8       1.00      0.50      0.67         4
           9       1.00      1.00      1.00         2
          10       0.40      0.67      0.50         3
          11       1.00      1.00      1.00         3
          12       0.00      0.00      0.00         2
          13       0.00      0.00      0.00         2
          14       1.00      1.00      1.00         2
          15       0.00      0.00      0.00         0
          16       1.00      0.50      0.67         2
          17       0.50      0.33      0.40         3
          18       0.33      0.50      0.40         2
          19       1.00      0.67      0.80         3
          20       1.00      1.00      1.00         1
          21       1.00      1.00      1.00         2
          22       0.33      0.50      0.40         2
          23       1.00      0.75      0.86         4
          24       1.00      1.00      1.00         1
          25       1.00      0.33      0.50         3
          27       1.00      0.50      0.67         2
          28       0.33      0.50      0.40         2
          29       0.00      0.00      0.00         0
          30       1.00      0.20      0.33         5
          31       0.25      0.50      0.33         2
          32       0.00      0.00      0.00         0
          33       0.20      0.33      0.25         3
          34       0.00      0.00      0.00         1
          35       0.33      0.50      0.40         2
          36       0.00      0.00      0.00         1
          37       0.50      0.25      0.33         4
          39       0.67      1.00      0.80         2
          40       0.00      0.00      0.00         0
          42       0.75      0.75      0.75         4
          43       0.00      0.00      0.00         2
          44       1.00      1.00      1.00         2
          45       0.00      0.00      0.00         2
          46       1.00      0.25      0.40         4
          47       1.00      1.00      1.00         3
          48       1.00      0.25      0.40         4
          49       0.00      0.00      0.00         2
          50       1.00      0.50      0.67         2
          51       0.75      0.75      0.75         4
          52       1.00      1.00      1.00         3
          53       1.00      1.00      1.00         4
          54       0.00      0.00      0.00         0
          55       1.00      0.80      0.89         5
          56       1.00      0.67      0.80         6
          57       0.00      0.00      0.00         2
          58       0.25      0.33      0.29         3
          59       1.00      1.00      1.00         1
          60       1.00      1.00      1.00         1
          61       0.25      0.25      0.25         4
          62       0.00      0.00      0.00         2
          63       0.00      0.00      0.00         1
          64       0.29      1.00      0.44         2
          65       0.67      1.00      0.80         2
          66       0.00      0.00      0.00         1
          67       0.29      0.67      0.40         3
          68       1.00      1.00      1.00         1
          69       0.00      0.00      0.00         4
          70       0.00      0.00      0.00         1
          71       0.50      1.00      0.67         1
          72       0.33      0.33      0.33         3
          73       0.00      0.00      0.00         1
          74       0.50      0.50      0.50         2
          75       1.00      1.00      1.00         2
          76       0.80      1.00      0.89         4
          77       0.00      0.00      0.00         1
          78       1.00      1.00      1.00         3
          79       1.00      0.67      0.80         3

    accuracy                           0.54       175
   macro avg       0.53      0.49      0.48       175
weighted avg       0.65      0.54      0.55       175

