
###########################################################
###########################################################
fpr (CM): 
[0.         0.00168745 0.00450126 0.01191045 0.01824168 0.02492525
 0.03398941 0.04111189 0.05054671 0.06854919 0.08479823 0.09614889
 0.11244636 0.13500943 0.17071363 0.21686266 0.25641102 0.34854167
 0.65353554 1.        ]
tpr (CM): 
[0.         0.02419028 0.04919028 0.08753374 0.15059042 0.22687247
 0.28785425 0.35708502 0.42307692 0.47945344 0.53696019 0.59971323
 0.65381242 0.70754049 0.75779352 0.80522942 0.88549258 0.96766194
 0.98076923 0.98076923]
auc (CM): 
0.877