
###########################################################
###########################################################
fpr (CM): 
[0.         0.00282491 0.01778944 0.04005895 0.05256231 0.06974364
 0.09512002 0.12572384 0.1556385  0.18105475 0.21241677 0.25236183
 0.30311916 0.34803614 0.40317939 0.49482018 0.57100894 0.60888759
 0.76626308 1.        ]
tpr (CM): 
[0.         0.03304656 0.06584008 0.10738866 0.19649123 0.28473347
 0.34596829 0.40053981 0.46256748 0.52149123 0.58692645 0.65106275
 0.70777665 0.76997301 0.81729082 0.84768893 0.88776991 0.95747301
 0.98076923 0.98076923]
auc (CM): 
0.766